cycle.gradient_vs_distance = [0 -0.00773557098895417;67.4809019270394 -0.00753986039602416;87.8238686279629 -0.00726007441915503;101.192752214875 -0.00700488286401988;113.567749753914 -0.00671616406780191;135.868642489907 -0.00607043484154991;150.187413644435 -0.00557899554702972;159.394440216701 -0.00523818428429124;177.629152558288 -0.00453617245847756;189.818234818086 -0.00408571773348324;215.895037354862 -0.00348918155483182;227.267403484839 -0.00361335043860311;299.505145541238 0.00334545400636191;327.657999080484 0.00485009906628310;344.911267355320 0.00630438361868225;358.084381456396 0.00757535115675899;372.177123000928 0.00893620423047765;386.335596518252 0.0101214086313751;405.045292063798 0.0110470883639030;413.282284568877 0.0111089514142804;422.489384566620 0.0108653467467193;448.144325208303 0.00820145051107691;476.052954993810 0.00250905857521025;476.052954993810 0.00250905857521025;477.046788704324 0.00228504535032156;508.806443145110 -0.00445756158063956;552.939795723795 -0.00976889104434603;570.447345589220 -0.0105050451411719;666.160788527459 -0.0127254481082335;767.302523668823 -0.0120908347772745;796.152038955891 -0.0114884184661246;811.660712954503 -0.0111325178655084;840.139545712379 -0.0105626551517227;849.346828435207 -0.0104211307486969;849.346828435207 -0.0104211307486969;865.620437892134 -0.0102384007852734;877.638186184527 -0.0101651580784853;926.036214718863 -0.0103959419272331;974.188306931567 -0.0110687328968613;1013.22421558671 -0.0114205647467327;1020.24833637049 -0.0114529260424259;1044.44739456103 -0.0114950029183203;1076.83860939814 -0.0113785619422545;1107.62723377189 -0.0109901366983821;1128.17528431065 -0.0104523849570654;1128.17528431065 -0.0104523849570654;1128.17528431065 -0.0104523849570654;1135.97202003362 -0.0101739549702686;1159.31416889502 -0.00908108838232168;1187.54985990549 -0.00731243464104889;1218.74629040548 -0.00512434504234588;1235.11131828450 -0.00405525317269179;1288.15423208241 -0.00174875317018274;1305.14144604403 -0.00140614225045855;1312.24062362463 -0.00131132993662795;1332.16914413407 -0.00117589231714552;1344.18574352417 -0.00117027872440070;1352.19741871526 -0.00119134813534065;1362.95446681531 -0.00124585524694505;1368.67712667593 -0.00128548495765767;1372.21393428231 -0.00131321220462064;1403.31684512715 -0.00165108521779406;1413.22542598281 -0.00178923594899192;1428.21592500111 -0.00202237618668063;1441.68160896020 -0.00225466848778145;1477.04996941269 -0.00293661280070500;1484.85778979445 -0.00308628386198843;1506.73336514070 -0.00345423437996810;1515.23122714684 -0.00356429062077286;1520.87431770618 -0.00362340808082418;1520.87431770618 -0.00362340808082418;1621.37715872819 -0.00236913165709707;1632.61667163860 -0.00203666579963316;1677.97722966264 -0.000389367218847531;1698.49746172738 0.000537723700466764;1717.73315275597 0.00149791250868206;1734.64866867720 0.00238486846433998;1823.74259874971 0.00654097642203307;1836.53394155447 0.00701764413315563;1845.72548827218 0.00735608345362336;1859.35748505540 0.00786043871280807;1875.47079376477 0.00845657314002514;1905.56302446339 0.00943942778673992;1905.56302446339 0.00943942778673992;1911.85281142066 0.00959630801276058;1971.56404681930 0.00956774693902414;1990.52820931487 0.00892171832200366;2011.41419022424 0.00792956581781984;2023.73618789294 0.00725437877253922;2030.18854948615 0.00688811049189478;2097.24662006502 0.00385724933553328;2147.34086385172 0.00260113636428413;2161.76707776776 0.00222382320230981;2188.27770599324 0.00147042423677411;2210.42725345873 0.000837538995954302;2222.74922766917 0.000514159431555934;2260.88232210826 -0.000151103368774524;2274.17420831684 -0.000200000448197590;2282.20111899523 -0.000179599020884210;2284.42648115956 -0.000167636474778732;2284.42648115956 -0.000167636474778732;2293.68050641139 -9.16517518995210e-05;2303.61187472811 2.91460151692483e-05;2314.33185769458 0.000189528111705766;2333.23159160338 0.000490007544499530;2369.55059770406 0.000964543279282564;2460.00481502136 0.00197489912577056;2478.96881407716 0.00220908956978843;2513.51342024421 0.00267896742614065;2521.08148874451 0.00277867561773980;2539.46963891838 0.00297647931536495;2569.26912554891 0.00308370513255701;2582.24665573840 0.00305503174684896;2592.87173874172 0.00300782675098475;2592.87173874172 0.00300782675098475;2606.96339526098 0.00291782530165134;2615.57742954117 0.00284887890922405;2618.39872310378 0.00282402062103631;2630.12420202014 0.00270777220998309;2645.32101037344 0.00252295943096724;2654.72393673912 0.00238778042587800;2666.38582316212 0.00219766199810461;2730.08824133131 0.000773003446435624;2744.97429276329 0.000361766289078565;2878.77306018533 -0.00423571553939922;2917.79627462111 -0.00582335854935919;2938.40970935777 -0.00659180653210957;2957.13919355451 -0.00722333930137990;2976.63092374600 -0.00778596123093995;3013.73511108644 -0.00847090276433117;3058.70496538398 -0.00837381298031148;3096.75811736973 -0.00728731140360753;3103.65740202896 -0.00698484354302327;3108.66446235979 -0.00674583656308765;3153.96402529335 -0.00393033866999538;3158.10715206828 -0.00362601516327916;3158.10715206828 -0.00362601516327916;3168.23343874300 -0.00285953974251667;3180.01192999271 -0.00193316376242872;3199.16920673891 -0.000363845036958854;3211.69219182016 0.000690757584110860;3245.31605380980 0.00358596192396991;3275.37320099400 0.00618288445096383;3395.52449077891 0.0146354962217663;3492.75968920789 0.0177952267745482;3524.59457052197 0.0181541253162291;3538.63563364226 0.0181858867322094;3566.06602903337 0.0180241562195334;3577.23562149928 0.0178832515731979;3594.34502345271 0.0176049262287525;3603.40452366104 0.0174410929777929;3613.58804248756 0.0172570652020328;3621.64478023197 0.0171178623637616;3628.71511721531 0.0170029468656126;3628.71511721531 0.0170029468656126;3715.50309414988 0.0159555035410739;3736.54135453815 0.0156273860620910;3750.68202457545 0.0153645564857444;3807.68822752476 0.0141020554047795;3820.99931377859 0.0138089503062619;3853.63066942655 0.0131289683182872;3855.76706179210 0.0130855702753076;3896.28671069580 0.0122441389904864;3919.41541403746 0.0117248598143972;3968.39948763605 0.0104276459194183;4021.57572323941 0.00910233482876152;4026.04667449269 0.00902496668552726;4034.54835573646 0.00889652705168015;4049.72996091614 0.00872793424413241;4065.32482738566 0.00863201805958129;4076.98988662301 0.00860310643823448;4076.98988662301 0.00860310643823448;4077.99121241756 0.00860189134021614;4086.22880548748 0.00859690851508253;4182.41579841793 0.00829642534424690;4198.10575005689 0.00807493565555720;4221.78144262502 0.00760811635831935;4272.03493282944 0.00612737311551578;4316.31610310161 0.00438141900526949;4351.36557998937 0.00279042459295828;4381.32639292932 0.00115165870048508;4391.40273280871 0.000506610618871511;4430.73845234048 -0.00257196591624814;4498.73087872291 -0.00929944902534005;4528.16326651045 -0.0122904125185651;4528.16326651045 -0.0122904125185651;4532.16911933400 -0.0126870788281050;4547.65039382258 -0.0141904594792783;4595.68809241120 -0.0185945084501336;4646.86089865102 -0.0228912829529823;4680.97572765488 -0.0251970571617021;4760.37789374669 -0.0276618610300160;4832.59278166055 -0.0274843285011421;4849.65326107198 -0.0274020030461181;4859.72959654269 -0.0273433117309019;4859.72959654269 -0.0273433117309019;4861.95406163932 -0.0273279025786594;4864.17852636165 -0.0273113032456605;4877.26816999598 -0.0271836640180560;4889.69729073023 -0.0269984973706032;5074.54341674633 -0.0141637583028752;5090.76769522666 -0.0123644800260969;5108.87360541646 -0.0103103144807238;5156.59648484259 -0.00474128472626668;5207.14648749718 0.000557691069133355;5233.43765573797 0.00264159773184232;5240.44261962047 0.00307585342238191;5255.56853068197 0.00381069840412405;5265.75195678752 0.00414163524902592;5277.91004258880 0.00436285250646473;5281.05377095939 0.00439003685492349;5289.48400118287 0.00440472565284036;5292.35156402872 0.00439131328600052;5296.85940536229 0.00435247663453024;